v 0 0 800 480
h 0 416
d1 0 0 18
d0 0 0 19
nd 0 0 64 384
nd 128 160 32 288
nd 96 416 32 32
nd 64 352 32 32
nd 96 288 32 32
nd 64 224 32 32
nd 96 160 32 32
nd 0 448 128 32
nd 160 256 384 224
nd 0 0 672 128
nd 640 352 32 36
nd 544 448 256 32
nd 672 0 128 416
detector 160 0 1000 480
detector 480 0 1000 480
pic 256 288 90 1 1 0
pic 370 288 90 1 1 0
pic 390 288 90 1 1 0
pic 410 288 90 1 1 0
pic 512 266 0 1 1 1
pic 512 286 0 1 1 0
pic 512 306 0 1 1 1
pic 512 326 0 1 1 0
pic 512 346 0 1 1 1
pic 512 366 0 1 1 0
pic 704 266 180 1 1 1
pic 704 286 180 1 1 0
pic 704 306 180 1 1 1
pic 704 326 180 1 1 0
pic 704 346 180 1 1 1
pic 680 362 180 1 1 0
pic 680 377 180 1 1 1
e 805 416 32 32
nd -32 0 32 480
