v 0 0 640 480
b 0 0 640 32
b 0 32 32 448
b 32 416 32 64
b 64 352 32 128
b 96 448 576 32
b 384 352 96 96
b 480 384 32 64
b 512 416 32 32
b 608 128 32 256
nd 128 256 32 16
nd 224 256 32 16
nd 384 256 32 16
d1 128 256 7
d1 224 256 7
d1 384 256 7
mm 32 256 32 32 0 2
mm 128 128 32 32 0 3
mm 224 128 32 32 0 4
mm 384 128 32 32 0 -3
h 608 384
nd 640 384 32 64
creeper 192 432
nd 512 128 66 16
d1 512 128 7
d1 544 128 7
d1 576 128 7
e 640 32 32 96
nd 576 128 32 8
nd 96 256 32 8
d1 96 256 7
m 128 224
d1 112 272 7
