v 0 0 704 480
b -32 -64 32 128
b 64 -32 32 32
h 0 32
b 64 0 704 32
b 0 64 32 416
b 32 448 672 32
b 32 416 256 32
b 64 32 32 320
b 96 288 192 32
b 96 160 192 32
b 352 96 64 32
b 352 224 64 32
b 352 352 64 32
i 416 96 32 32
i 416 128 32 32
i 416 160 32 32
i 416 192 32 32
i 416 224 32 32
i 416 256 32 32
i 416 288 32 32
i 416 320 32 32
i 416 352 32 32
i 416 384 32 32
i 416 416 32 32
i 480 96 32 32
i 512 96 32 32
i 544 96 32 32
i 608 96 32 32
i 640 96 32 32
i 512 160 32 32
i 544 160 32 32
i 576 160 32 32
i 608 160 32 32
i 448 96 32 32
i 544 192 32 32
i 544 224 32 32
i 544 256 32 32
i 544 288 32 32
i 480 288 32 32
i 512 288 32 32
i 576 288 32 32
i 448 224 32 32
i 608 224 32 32
i 640 224 32 32
i 480 352 32 32
i 512 352 32 32
i 544 352 32 32
i 576 352 32 32
i 608 352 32 32
i 640 352 32 32
b 480 384 224 32
i 480 160 32 32
i 480 320 32 32
i 480 224 32 32
b 672 32 32 352
i 608 288 32 32
e 704 0 32 480
d1 64 352 3
d0 480 416 3
d1 160 256 0
d1 352 352 4
d1 352 224 4
d1 352 96 4
