h 0 160
nd -32 32 32 160
v 0 0 736 480
b 0 0 736 32
b 0 192 160 160
b 128 160 32 32
b 128 128 160 32
b 192 192 224 96
b 352 128 96 32
b 512 128 96 32
b 704 32 352 32
b 448 192 192 96
b 672 192 32 96
m 544 96
m 544 160
b 160 320 96 32
f 256 320
b 288 320 192 32
b 576 320 96 32
b 0 352 32 32
b 0 384 288 96
b 352 384 320 96
b 672 384 32 96
b 704 32 32 448
l 48 368 0 32 368 0 0
staticMirror 672 384 704 352 704 384
staticMirror 704 320 672 288 704 288
staticMirror 160 288 192 320 160 320
staticMirror 192 160 160 192 160 160
b 204 160 8 8
b 204 186 8 8
e 288 480 64 32
