v 0 0 1408 480
b 0 0 64 288
b 0 320 160 160
b -32 0 32 480
b 192 320 32 96
b 160 448 1248 32
m 192 416
b 224 288 32 64
b 256 256 32 64
b 288 224 32 64
b 320 192 32 64
b 352 96 32 128
b 64 128 224 32
b 64 32 128 96
b 32 0 1376 32
b 384 96 320 32
b 704 32 32 96
b 352 352 32 96
b 384 320 128 128
b 480 128 32 160
m 480 288
m 544 288
m 608 288
b 544 128 32 160
b 608 128 32 160
b 544 320 32 32
b 608 320 32 32
b 512 352 128 128
h 0 288
b 704 384 32 64
b 736 320 32 128
b 768 256 32 192
b 800 192 32 256
b 832 128 32 320
b 864 128 224 64
b 1120 128 96 64
b 1184 32 32 96
b 896 224 320 32
m 1184 192
b 864 288 32 160
b 896 320 32 128
b 928 352 32 96
b 960 384 32 64
b 992 416 32 32
b 1248 192 160 96
b 1248 352 160 96
e 1408 0 32 480
d0 704 128 3
d0 704 192 3
d0 704 256 3
d0 704 320 3
d0 896 256 3
d0 1184 256 3
d0 1184 320 3
d0 1184 384 3
d0 256 160 3
d0 256 224 3
d0 256 32 3
d0 256 96 3
d0 1056 192 3
d0 1120 192 3
