v 0 0 640 480
b 0 0 640 32
b 0 448 640 32
b 0 32 32 416
b 608 32 32 128
b 608 192 32 128
b 512 192 96 32
h 608 160
nd 640 160 32 32
b 32 32 576 64
l 48 112 0 32 112 0 0
l 48 176 0 32 176 0 0
b 512 160 32 32
b 384 128 32 32
b 288 128 32 32
b 192 128 32 32
b 96 128 32 32
mm 64 128 32 64 0 -1
b 32 192 96 32
b 192 192 352 32
b 32 384 256 32
b 320 384 192 32
b 256 320 96 32
b 320 352 32 32
b 416 288 96 96
b 544 320 128 96
l 48 432 0 48 416 0 0
f 288 384
e 640 416 32 32
d0 192 224 3
d0 192 288 3
d0 192 352 3
d0 96 224 3
d0 96 288 3
d0 96 352 3
d1 448 224 3
