v 0 0 1120 480
e 1120 0 32 480
b -32 0 32 480
b 0 0 32 288
h 0 320
b 0 352 64 128
b 64 384 32 96
b 96 384 32 32
b 32 0 768 32
b 768 -96 32 96
b 32 256 64 32
b 96 448 1024 32
nd 192 384 64 32
nd 320 384 96 32
nd 480 384 64 32
nd 608 384 96 32
b 352 288 32 32
l 112 432 0 112 448 0 0
l 368 80 -90 368 32 2 2
b 736 32 32 384
m 640 352
b 736 32 32 384
b 768 32 32 160
b 800 64 32 128
b 832 96 32 96
b 864 128 64 64
b 992 64 160 32
b 1056 96 96 352
nd 960 160 64 32
b 1024 224 32 224
b 992 256 32 192
b 960 288 32 32
b 960 320 32 96
b 958 384 34 32
b 960 416 32 32
nd 864 288 64 32
m 896 320
b 896 352 32 32
b 832 384 96 64
b 768 352 32 64
l 944 432 90 944 448 0 0
d1 352 320 3
d0 896 192 3
d0 960 192 3
d0 896 256 3
d0 960 256 3
d1 192 384 4
d1 480 384 4
d1 64 384 4
d1 320 384 5
d1 608 384 5
d1 960 160 4
d1 864 288 4
d1 992 64 5
