v 0 0 800 480
h 0 416
d1 0 0 20
d0 0 0 19
nd 0 448 800 31
nd 0 384 160 32
nd 224 384 64 32
nd 736 384 64 32
nd 256 352 544 32
nd 736 320 64 32
nd 768 192 32 128
nd 512 256 192 32
nd 544 160 256 32
nd 736 0 64 160
nd 0 0 736 32
nd 0 32 448 64
nd 0 96 160 192
nd 0 288 32 96
nd 160 256 128 32
nd 256 192 32 64
nd 352 192 128 32
nd 352 224 32 64
clone 576 320 608 128
clone 416 320 256 160
clone 640 224 128 352
detector 32 352 80 32
detector 160 224 96 32
detector 288 320 96 32
detector 384 160 82 32
detector 448 320 96 32
detector 544 224 96 32
detector 608 320 96 32
detector 640 128 96 32
///////////////////////////
pic 328 480 90 2 0 0 7
pic 348 485 90 2 0 0 7
pic 368 480 90 2 0 0 7
pic 388 480 90 2 0 0 7
///////////////////////////
pic 424 480 90 2 0 0 1
pic 444 485 90 2 0 0 1
pic 464 480 90 2 0 0 1
pic 484 485 90 2 0 0 1
///////////////////////////
pic 520 485 90 2 0 1 2
pic 540 485 90 2 0 1 2
pic 560 480 90 2 0 1 2
pic 580 480 90 2 0 1 2
///////////////////////////
pic 616 485 90 2 0 2 6
pic 636 482 90 2 0 2 6
pic 656 480 90 2 0 2 6
pic 676 480 90 2 0 2 6
/////////////////////////
pic 448 208 0 1 2 0 1 2 3 4 5 6 7
/////////////////////////
pic 256 407 180 0 2 0 1 2 3 4 5 6 7
nd -32 0 32 480
e 800 0 32 480
