v 0 0 800 480
h 384 302
nd 0 4480 640 32
d0 0 0 19
d1 0 0 24
nd 0 451 531 32
nd 0 0 32 473
nd 65 73 29 341
nd 0 0 485 28
nd 198 17 39 157
nd 74 344 454 74
nd 299 228 77 116
nd 415 227 111 120
nd 467 2 57 254
nd 490 0 307 93
nd 527 470 211 16
nd 512 313 155 38
nd 589 188 217 46
nd 748 128 56 354
nd 92 74 37 40
accelerator 391 203 5 132 0 -3 0.95
accelerator 101 26 194 315 0 -3 0.98
accelerator 531 312 215 154 0 -3 0.98
accelerator 522 229 235 87 -2 -2 0.98
accelerator 534 139 44 131 0 -1.5 0.98
accelerator 527 93 278 99 1 -2 0.98
detector 443 265 366 209
detector 505 46 305 267
pic 96 92 0 0 1
pic 235 142 180 0 1
pic 562 316 270 1 1 0 1
pic 711 205 270 1 1 0 1
pic 492 147 0 1 1 0 1
e 802 92 32 32
d0 377 220 25
special 3
