v 0 0 1248 480
b 0 0 32 128
b 0 160 32 320
b 32 160 96 32
h 0 128
nd -32 128 32 32
b 32 320 160 32
b 288 320 32 32
b 416 320 32 32
b 544 320 32 32
b 672 320 32 32
b 800 320 32 32
b 928 320 32 32
b 1056 320 32 32
b 160 160 960 32
b 192 32 928 32
b 32 0 1216 32
b 192 64 32 64
b 256 96 32 64
b 320 64 32 64
b 384 96 32 64
b 448 64 32 64
b 512 96 32 64
b 576 64 32 64
b 640 96 32 64
b 704 64 32 64
b 768 96 32 64
b 832 64 32 64
b 896 96 32 64
b 960 64 32 64
b 1024 96 32 64
b 1088 64 32 64
l 42 304 42 48 320 0 0
t 672 128 32 32 -128 0
b 32 448 1216 32
l 48 432 0 48 448 0 0
b 1120 352 32 128
b 1152 288 32 192
b 1184 224 32 256
b 1216 160 32 288
e 1248 0 32 480
