v 0 0 736 480
b 0 0 736 32
b 704 32 32 448
b 672 384 32 64
b 0 448 704 32
b 288 416 32 32
b 0 96 480 32
b 0 128 32 224
b 32 256 32 96
b 64 320 160 32
b 96 224 128 32
nd 384 320 192 32
h 0 416
nd -32 352 32 96
mm 288 320 32 32 -1 0
b 288 192 96 32
b 384 192 320 32
b 416 160 32 32
b 544 128 32 32
creeper 416 432
creeper 608 432
creeper 640 176
b 640 384 32 32
e -32 32 32 64
d1 192 32 3
d1 192 128 3
d1 192 192 3
d1 192 256 3
d1 192 352 3
d1 192 416 3
d1 192 448 4
d1 160 224 4
d1 384 352 3
d1 384 416 3
d1 544 352 3
d1 544 416 3
d1 384 320 4
d1 448 320 4
d1 512 320 4
d1 384 448 4
d1 544 448 4
d1 96 256 3
d1 96 352 3
d1 96 416 3
d1 64 448 4
