v 0 0 640 480
b 0 0 32 224
b 32 192 96 32
b 96 224 32 32
b 96 256 416 32
b 512 288 32 32
f 544 352
f 576 352
b 0 352 544 128
b 0 320 192 32
b 256 320 32 32
b 352 320 32 32
b 448 320 32 32
h 0 288
nd -32 224 32 96
elec 192 336 256 336 0.33 45 0
elec 288 336 352 336 0.33 45 15
elec 384 336 448 336 0.33 45 30
b 608 160 32 320
elec 544 304 608 304 0.33 45 0
b 160 192 448 32
b 160 128 32 64
mm 192 160 288 32 3 0
elec 448 192 448 0 0.5 60 0
b 288 128 32 32
e 640 0 32 480
d0 96 288 3
d0 160 288 3
d0 160 224 3
d0 512 224 3
d0 512 320 3
